Description Word No.
Valence Mean (SD)
Arousal Mean (SD)
Dominance Mean (SD) Word Frequency
abduction 621 abortion 622 absurd 623 abundance 624 abuse 1 acceptance 625 accident 2 ace 626 ache 627 achievement 3 activate 4 addict 581 addicted 628 admired 5 adorable 6 adult 546 advantage 629 adventure 630 affection 7 afraid 8 aggressive 9 agility 22 agony 10 agreement 631 air 632 alcoholic 582 alert 11 alien 633 alimony 634 alive 635 allergy 636 alley 637 alone 12 aloof 13 ambition 14 ambulance 15 angel 16 anger 17 angry 18
2.76 (2.06) 3.50 (2.30) 4.26 (1.82) 6.59 (2.01) 1.80 (1.23) 7.98 (1.42) 2.05 (1.19) 6.88 (1.93) 2.46 (1.52) 7.89 (1.38) 5.46 (0.98) 2.48 (2.08) 2.51 (1.42) 7.74 (1.84) 7.81 (1.24) 6.49 (1.50) 6.95 (1.85) 7.60 (1.50) 8.39 (0.86) 2.00 (1.28) 5.10 (1.68) 6.46 (1.57) 2.43 (2.17) 7.08 (1.59) 6.34 (1.56) 2.84 (2.34) 6.20 (1.76) 5.60 (1.82) 3.95 (2.00) 7.25 (2.22) 3.07 (1.64) 4.48 (1.97) 2.41 (1.77) 4.90 (1.92) 7.04 (1.98) 2.47 (1.50) 7.53 (1.58) 2.34 (1.32) 2.85 (1.70)
5.53 (2.43) 5.39 (2.80) 4.36 (2.20) 5.51 (2.63) 6.83 (2.70) 5.40 (2.70) 6.26 (2.87) 5.50 (2.66) 5.00 (2.45) 5.53 (2.81) 4.86 (2.56) 5.66 (2.26) 4.81 (2.46) 6.11 (2.36) 5.12 (2.71) 4.76 (1.95) 4.76 (2.18) 6.98 (2.15) 6.21 (2.75) 6.67 (2.54) 5.83 (2.33) 4.85 (1.80) 6.06 (2.67) 5.02 (2.24) 4.12 (2.30) 5.69 (2.36) 6.85 (2.53) 5.45 (2.15) 4.30 (2.29) 5.50 (2.74) 4.64 (2.34) 4.91 (2.42) 4.83 (2.66) 4.28 (2.10) 5.61 (2.92) 7.33 (1.96) 4.83 (2.63) 7.63 (1.91) 7.17 (2.07)
3.49 (2.38) 1 4.59 (2.54) 6 4.73 (1.72) 17 5.80 (2.16) 13 3.69 (2.94) 18 6.64 (1.91) 49 3.76 (2.22) 33 6.39 (2.31) 15 3.54 (1.73) 4 6.56 (2.35) 65 5.43 (1.84) 2 3.72 (2.54) 1 3.46 (2.23) 3 7.53 (1.94) 17 5.74 (2.48) 3 5.75 (2.21) 25 6.36 (2.23) 73 6.46 (1.67) 14 6.08 (2.22) 18 3.98 (2.63) 57 5.59 (2.40) 17 5.87 (1.52) 3 4.02 (2.49) 9 6.22 (1.85) 106 5.10 (1.56) 257 4.45 (2.56) 3 5.96 (2.24) 33 4.64 (2.07) 16 4.63 (2.30) 2 6.39 (2.15) 57 3.21 (1.77) 1 4.00 (1.70) 8 3.70 (2.42) 195 4.69 (1.92) 5 6.93 (2.07) 19 3.22 (2.29) 6 4.97 (2.34) 18 5.50 (2.82) 48 5.55 (2.74) 45
anguished 19 2.12 (1.56) ankle 638 5.27 (1.54) annoy 20 2.74 (1.81) answer 639 6.63 (1.68) anxious 21 4.81 (1.98) applause 640 7.50 (1.50) appliance 641 5.10 (1.21) arm 642 5.34 (1.82) army 23 4.72 (1.75) aroused 24 7.97 (1.00) arrogant 25 3.69 (2.40) art 643 6.68 (2.10) assassin 26 3.09 (2.09) assault 27 2.03 (1.55) astonished 28 6.56 (1.61) astronaut 501 6.66 (1.60) athletics 644 6.61 (2.08) autumn 29 6.30 (2.14) avalanche 645 3.29 (1.95) avenue 646 5.50 (1.37) awed 30 6.70 (1.38) baby 31 8.22 (1.20) bake 647 6.17 (1.71) bandage 648 4.54 (1.75) bankrupt 32 2.00 (1.31) banner 649 5.40 (0.83) bar 650 6.42 (2.05) barrel 651 5.05 (1.46) basket 547 5.45 (1.15) bastard 33 3.36 (2.16) bath 502 7.33 (1.45) bathroom 548 5.55 (1.36) bathtub 652 6.69 (1.57) beach 34 8.03 (1.59) beast 653 4.23 (2.41) beautiful 654 7.60 (1.64) beauty 35 7.82 (1.16) bed 549 7.51 (1.38) bees 583 3.20 (2.07)
5.33 (2.69) 4.16 (2.03) 6.49 (2.17) 5.41 (2.43) 6.92 (1.81) 5.80 (2.79) 4.05 (2.06) 3.59 (2.40) 5.03 (2.03) 6.63 (2.70) 5.65 (2.23) 4.86 (2.88) 6.28 (2.53) 7.51 (2.28) 6.58 (2.22) 5.28 (2.11) 6.10 (2.29) 4.51 (2.50) 5.54 (2.37) 4.12 (2.01) 5.74 (2.31) 5.53 (2.80) 5.10 (2.30) 3.90 (2.07) 6.21 (2.79) 3.83 (1.95) 5.00 (2.83) 3.36 (2.28) 3.63 (2.02) 6.07 (2.15) 4.16 (2.31) 3.88 (1.72) 4.36 (2.59) 5.53 (3.07) 5.57 (2.61) 6.17 (2.34) 4.95 (2.57) 3.61 (2.56) 6.51 (2.14)
3.45 (2.37) 2 4.77 (1.74) 8 5.09 (2.04) 2 5.85 (1.88) 152 5.33 (1.82) 29 6.48 (2.11) 14 5.05 (1.34) 5 5.07 (1.50) 94 5.03 (2.45) 132 6.14 (1.97) 20 5.14 (2.71) 2 5.30 (2.33) 208 4.33 (2.68) 6 3.94 (3.10) 15 5.16 (1.79) 6 5.20 (1.95) 2 6.12 (2.12) 9 5.15 (1.85) 22 3.61 (2.00) 1 5.40 (1.53) 46 5.30 (2.03) 5 5.00 (2.80) 62 5.49 (1.88) 12 4.52 (1.89) 4 3.27 (2.39) 5 4.80 (1.57) 8 5.47 (1.94) 82 4.89 (1.57) 24 5.76 (1.45) 17 4.17 (2.40) 12 6.41 (1.87) 26 5.65 (1.59) 18 5.76 (1.76) 4 5.44 (2.52) 61 4.89 (2.29) 7 6.29 (1.81) 127 5.53 (2.10) 71 6.88 (1.78) 127 4.16 (2.11) 15

Description Word
No. Mean(SD)
Arousal Mean(SD)
Dominance Word Mean (SD) Frequency
Description Word Valence No. Mean(SD)
Arousal Mean(SD)
Dominance Word Mean (SD) Frequency
Valence
beggar 36 bench 655 bereavement 656 betray 37 beverage 657 bird 38 birthday 39 black 543 blackmail 40 bland 658 blase 41 blasphemy 659 bless 42 blind 43 bliss 660 blister 661 blond 662 bloody 584 blossom 44 blubber 663 blue 544 board 664 body 665 bold 45 bomb 46 book 47 bored 48 bottle 666 bouquet 667 bowl 49 boxer 585 boy 50 brave 668 breast 51 breeze 669 bride 670 bright 671 broken 672 brother 52
3.22 (2.02) 4.61 (1.40) 4.57 (1.70) 1.68 (1.02) 6.83 (1.48) 7.27 (1.36) 7.84 (1.92) 5.39 (1.80) 2.95 (1.95) 4.10 (1.08) 4.89 (1.16) 3.75 (2.26) 7.19 (1.69) 3.05 (1.99) 6.95 (2.24) 2.88 (1.75) 6.43 (2.04) 2.90 (1.98) 7.26 (1.18) 3.52 (1.99) 6.76 (1.78) 4.82 (1.23) 5.55 (2.37) 6.80 (1.61) 2.10 (1.19) 5.72 (1.54) 2.95 (1.35) 6.15 (1.49) 7.02 (1.84) 5.33 (1.33) 5.51 (1.80) 6.32 (1.60) 7.15 (1.64) 6.50 (1.78) 6.85 (1.71) 7.34 (1.71) 7.50 (1.55) 3.05 (1.92) 7.11 (2.17)
4.91 (2.45) 3.59 (2.07) 4.20 (2.15) 7.24 (2.06) 5.21 (2.46) 3.17 (2.23) 6.68 (2.11) 4.61 (2.24) 6.03 (2.70) 3.29 (1.89) 3.94 (1.76) 4.93 (2.34) 4.05 (2.59) 4.39 (2.36) 4.41 (2.95) 4.10 (2.34) 5.07 (2.70) 6.41 (2.00) 5.03 (2.65) 4.57 (2.38) 4.31 (2.20) 3.36 (2.12) 5.52 (2.63) 5.60 (2.21) 7.15 (2.40) 4.17 (2.49) 2.83 (2.31) 4.79 (2.44) 5.46 (2.47) 3.47 (2.12) 5.12 (2.26) 4.58 (2.37) 6.15 (2.45) 5.37 (2.39) 4.37 (2.32) 5.55 (2.74) 5.40 (2.33) 5.43 (2.42) 4.71 (2.68)
4.09 (2.38) 2 4.68 (1.38) 35 4.33 (1.73) 4 4.92 (2.97) 4 5.63 (2.17) 5 4.42 (2.26) 31 5.89 (2.61) 18 5.14 (1.79) 203 3.54 (2.67) 2 4.88 (1.27) 3 4.57 (1.44) 7 4.75 (1.59) 4 5.52 (2.22) 9 3.28 (1.91) 47 6.12 (2.15) 4 3.98 (1.90) 3 5.74 (1.67) 11 3.96 (1.89) 8 5.53 (2.21) 7 3.86 (1.97) 1 5.63 (1.64) 143 4.98 (1.77) 239 5.34 (2.12) 276 6.67 (1.81) 21 4.54 (2.88) 36 5.30 (2.05) 193 4.11 (1.70) 14 4.78 (1.65) 76 6.15 (1.80) 4 4.69 (1.67) 23 5.10 (1.64) 1 5.34 (2.20) 242 7.22 (1.86) 24 5.39 (2.27) 11 5.54 (1.67) 14 5.74 (2.36) 33 6.34 (1.82) 87 4.14 (1.62) 63 5.12 (2.31) 73
brutal 53 2.80 (1.90) building 550 5.29 (1.15) bullet 673 3.29 (2.06) bunny 54 7.24 (1.32) burdened 55 2.50 (1.32) burial 56 2.05 (1.41) burn 586 2.73 (1.72) bus 541 4.51 (1.57) busybody 674 5.17 (2.02) butter 57 5.33 (1.20) butterfly 58 7.17 (1.20) cabinet 675 5.05 (0.31) cake 59 7.26 (1.27) cancer 60 1.50 (0.85) candy 61 6.54 (2.09) cane 677 4.00 (1.80) cannon 678 4.90 (2.20) capable 62 7.16 (1.39) car 551 7.73 (1.63) carcass 679 3.34 (1.92) carefree 63 7.54 (1.38) caress 64 7.84 (1.16) cash 503 8.37 (1.00) casino 680 6.81 (1.66) cat 504 5.72 (2.43) cell 587 3.82 (1.70) cellar 681 4.32 (1.68) cemetery 65 2.63 (1.40) chair 66 5.08 (0.98) champ 682 7.18 (1.97) champion 67 8.44 (0.90) chance 683 6.02 (1.77) chaos 684 4.17 (2.36) charm 68 6.77 (1.58) cheer 69 8.10 (1.17) child 70 7.08 (1.98) chin 685 5.29 (1.27) chocolate 505 6.88 (1.89) christmas 686 7.80 (1.55)
6.60 (2.36) 3.92 (1.94) 5.33 (2.48) 4.06 (2.61) 5.63 (2.07) 5.08 (2.40) 6.22 (1.91) 3.55 (1.80) 4.84 (2.41) 3.17 (1.84) 3.47 (2.39) 3.43 (1.85) 5.00 (2.37) 6.42 (2.83) 4.58 (2.40) 4.20 (1.93) 4.71 (2.84) 5.08 (2.07) 6.24 (2.04) 4.83 (2.07) 4.17 (2.84) 5.14 (3.00) 7.37 (2.21) 6.51 (2.12) 4.38 (2.24) 4.08 (2.19) 4.39 (2.33) 4.82 (2.66) 3.15 (1.77) 6.00 (2.43) 5.85 (3.15) 5.38 (2.58) 6.67 (2.06) 5.16 (2.25) 6.12 (2.45) 5.55 (2.29) 3.31 (1.98) 5.29 (2.55) 6.27 (2.56)
4.59 (2.70) 7 5.25 (1.57) 160 3.90 (2.61) 28 4.97 (2.18) 1 5.03 (2.35) 4 3.55 (1.95) 11 4.22 (1.83) 15 4.84 (1.75) 34 5.45 (1.97) . 4.67 (1.69) 27 4.65 (2.27) 2 4.73 (1.66) 17 5.16 (2.05) 9 3.42 (2.99) 25 5.33 (1.91) 16 4.27 (1.95) 12 5.17 (2.29) 7 6.47 (1.94) 66 6.98 (2.06) 274 4.90 (1.79) 7 5.78 (2.50) 9 5.83 (2.13) 1 6.96 (2.39) 36 5.12 (2.15) 2 6.16 (2.05) . 4.12 (2.13) 65 4.66 (1.61) 26 4.27 (2.14) 15 4.56 (1.60) 66 6.77 (2.00) 1 6.50 (2.85) 23 4.64 (1.93) 131 3.86 (1.95) 17 5.57 (2.25) 26 6.00 (2.06) 8 5.10 (2.30) 213 5.26 (1.48) 27 5.18 (1.97) 9 5.37 (2.09) 27
church 71 circle 687 circus 72 city 73 cliff 553 clock 688 clothing 74 clouds 533 clumsy 689 coarse 690 coast 691 cockroach 75 coffin 76 coin 692 cold 693 color 694 column 695 comedy 77 comfort 696 computer 552 concentrate 78 confident 79 confused 80 consoled 81 contempt 82 contents 83 context 84 controlling 85 cook 697 cord 698 cork 699 corner 700 corpse 86 corridor 701 corrupt 702 cottage 87 couple 506 cow 554 coward 703
6.28 (2.31) 5.67 (1.26) 7.30 (1.84) 6.03 (1.37) 4.67 (2.08) 5.14 (1.54) 6.54 (1.85) 6.18 (2.18) 4.00 (2.22) 4.55 (1.42) 5.98 (1.86) 2.81 (2.11) 2.56 (1.96) 6.02 (1.96) 4.02 (1.99) 7.02 (1.57) 5.17 (0.85) 8.37 (0.94) 7.07 (2.14) 6.24 (1.61) 5.20 (1.28) 7.98 (1.29) 3.21 (1.51) 5.78 (1.64) 3.85 (2.13) 4.89 (0.89) 5.20 (1.38) 3.80 (2.25) 6.16 (1.89) 5.10 (1.09) 5.22 (1.13) 4.36 (1.21) 2.18 (1.48) 4.88 (1.14) 3.32 (2.32) 6.45 (1.52) 7.41 (1.97) 5.57 (1.53) 2.74 (1.64)
4.34 (2.45) 3.86 (2.13) 5.97 (2.59) 5.24 (2.53) 6.25 (2.15) 4.02 (2.54) 4.78 (2.88) 3.30 (2.08) 5.18 (2.40) 4.21 (1.84) 4.59 (2.31) 6.11 (2.78) 5.03 (2.79) 4.29 (2.48) 5.19 (2.23) 4.73 (2.64) 3.62 (1.91) 5.85 (2.81) 3.93 (2.85) 4.75 (1.93) 4.65 (2.13) 6.22 (2.41) 6.03 (1.88) 4.53 (2.22) 5.28 (2.04) 4.32 (2.14) 4.22 (2.24) 6.10 (2.19) 4.44 (1.96) 3.54 (2.09) 3.80 (2.18) 3.91 (1.92) 4.74 (2.94) 3.63 (2.41) 4.67 (2.35) 3.39 (2.54) 6.39 (2.31) 3.49 (2.13) 4.07 (2.19)
5.00 (2.42) 348 5.03 (1.46) 60 5.39 (2.25) 7 5.74 (2.08) 393 4.35 (2.11) 11 4.67 (1.97) 20 5.33 (2.14) 20 5.22 (1.66) 38 3.86 (1.79) 6 5.00 (1.43) 10 5.67 (1.71) 61 4.74 (2.58) 2 4.08 (2.54) 7 5.66 (1.68) 10 4.69 (1.73) 171 6.17 (1.82) 141 4.81 (1.58) 71 5.44 (2.08) 39 5.70 (2.05) 43 5.29 (1.99) 13 4.97 (1.75) 11 7.68 (1.94) 16 4.24 (1.91) 44 4.44 (1.84) 2 5.13 (1.73) 15 4.85 (1.49) 16 5.17 (1.39) 2 5.17 (3.15) 23 5.14 (1.49) 47 5.00 (1.22) 6 4.98 (1.04) 9 4.12 (1.66) 115 3.59 (2.44) 7 5.00 (1.48) 17 4.64 (2.30) 8 5.39 (1.78) 19 6.02 (2.28) 122 5.32 (1.61) 29 2.83 (1.61) 8
cozy 88 7.39 (1.53) crash 89 2.31 (1.44) crime 704 2.89 (2.06) criminal 705 2.93 (1.66) crisis 706 2.74 (2.23) crown 90 6.58 (1.42) crucify 91 2.23 (1.72) crude 707 3.12 (1.65) cruel 92 1.97 (1.67) crushed 93 2.21 (1.74) crutch 708 3.43 (1.62) cuddle 94 7.72 (1.92) cuisine 709 6.64 (1.48) curious 95 6.08 (1.63) curtains 710 4.83 (0.83) custom 96 5.85 (1.53) cut 711 3.64 (2.08) cute 97 7.62 (1.01) cyclone 98 3.60 (2.38) dagger 99 3.38 (1.77) damage 712 3.05 (1.65) dancer 507 7.14 (1.56) danger 713 2.95 (2.22) dark 714 4.71 (2.36) dawn 715 6.16 (2.33) daylight 716 6.80 (2.17) dazzle 717 7.29 (1.09) dead 588 1.94 (1.76) death 100 1.61 (1.40) debt 101 2.22 (1.17) deceit 718 2.90 (1.63) decompose 102 3.20 (1.81) decorate 719 6.93 (1.30) defeated 103 2.34 (1.66) defiant 104 4.26 (2.12) deformed 720 2.41 (1.66) delayed 721 3.07 (1.74) delight 105 8.26 (1.04) demon 106 2.11 (1.56)
3.32 (2.28) 6.95 (2.44) 5.41 (2.69) 4.79 (2.51) 5.44 (3.07) 4.28 (2.53) 6.47 (2.47) 5.07 (2.37) 5.68 (2.65) 5.52 (2.87) 4.14 (2.05) 4.40 (2.67) 4.39 (1.99) 5.82 (1.64) 3.67 (1.83) 4.66 (2.12) 5.00 (2.32) 5.53 (2.71) 6.36 (2.89) 6.14 (2.64) 5.57 (2.26) 6.00 (2.20) 7.32 (2.07) 4.28 (2.21) 4.39 (2.81) 4.77 (2.50) 6.33 (2.02) 5.73 (2.73) 4.59 (3.07) 5.68 (2.74) 5.68 (2.46) 4.65 (2.39) 5.14 (2.39) 5.09 (3.00) 6.10 (2.51) 4.07 (2.34) 5.62 (2.39) 5.44 (2.88) 6.76 (2.68)
4.89 (2.28) 1 3.44 (2.21) 20 4.12 (2.24) 34 3.34 (1.73) 24 3.60 (2.47) 82 6.06 (2.15) 19 3.74 (2.48) 2 4.27 (1.94) 15 4.24 (2.84) 15 3.36 (2.69) 10 3.91 (1.79) 1 5.85 (2.42) . 5.41 (1.19) 1 5.42 (1.60) 46 5.05 (1.56) 8 5.00 (1.87) 14 4.70 (1.98) 192 4.86 (2.32) 5 4.89 (2.56) . 4.52 (2.27) 1 3.88 (1.86) 33 6.02 (1.93) 31 3.59 (2.31) 70 4.84 (2.15) 185 5.16 (2.23) 28 5.48 (2.14) 15 5.62 (1.81) 1 2.84 (2.32) 174 3.47 (2.50) 277 3.02 (2.16) 13 3.95 (2.12) 2 4.02 (1.91) 1 6.05 (1.86) 2 3.11 (2.34) 15 5.77 (2.40) 3 3.95 (2.18) . 3.64 (1.94) 25 5.79 (2.24) 29 4.89 (2.89) 9
dentist 589 depressed 107 depression 108 derelict 722 deserter 109 desire 508 despairing 110 despise 111 destroy 112 destruction 723 detached 113 detail 724 detest 114 devil 115 devoted 116 diamond 117 dignified 118 dinner 509 diploma 119 dirt 725 dirty 590 disappoint 120 disaster 121 discomfort 726 discouraged 122 disdainful 123 disgusted 124 disloyal 125 displeased 126 distressed 127 disturb 727 diver 510 divorce 128 doctor 129 dog 511 doll 728 dollar 729 door 130 dove 730
4.02 (2.23) 1.83 (1.42) 1.85 (1.67) 4.28 (1.84) 2.45 (1.80) 7.69 (1.39) 2.43 (1.47) 2.03 (1.38) 2.64 (2.03) 3.16 (2.44) 3.86 (1.88) 5.55 (1.58) 2.17 (1.30) 2.21 (1.99) 7.41 (1.37) 7.92 (1.20) 7.10 (1.26) 7.16 (1.50) 8.00 (1.39) 4.17 (1.77) 3.08 (2.05) 2.39 (1.44) 1.73 (1.13) 2.19 (1.23) 3.00 (2.16) 3.68 (1.90) 2.45 (1.41) 1.93 (1.61) 2.79 (2.23) 1.94 (1.10) 3.66 (2.00) 6.45 (1.55) 2.22 (1.88) 5.20 (2.54) 7.57 (1.66) 6.09 (1.96) 7.47 (1.72) 5.13 (1.44) 6.90 (1.54)
5.73 (2.13) 4.72 (2.95) 4.54 (3.19) 4.10 (1.94) 5.50 (2.55) 7.35 (1.76) 5.68 (2.37) 6.28 (2.43) 6.83 (2.38) 5.82 (2.71) 4.26 (2.57) 4.10 (2.24) 6.06 (2.39) 6.07 (2.61) 5.23 (2.21) 5.53 (2.96) 4.12 (2.29) 5.43 (2.14) 5.67 (2.80) 3.76 (2.26) 4.88 (2.29) 4.92 (2.64) 6.33 (2.70) 4.17 (2.44) 4.53 (2.11) 5.04 (2.14) 5.42 (2.59) 6.56 (2.21) 5.64 (2.48) 6.40 (2.38) 5.80 (2.39) 5.04 (2.10) 6.33 (2.71) 5.86 (2.70) 5.76 (2.50) 4.24 (2.43) 6.07 (2.67) 3.80 (2.29) 3.79 (2.28)
3.80 (2.16) 12 2.74 (2.13) 11 2.91 (2.27) 24 4.78 (1.56) 1 3.77 (2.29) . 6.49 (1.83) 79 3.43 (2.11) 4 4.72 (2.80) 7 4.94 (2.86) 48 3.93 (2.29) 38 3.63 (2.15) 12 5.21 (1.60) 72 5.83 (2.60) 1 5.35 (2.75) 25 6.18 (2.36) 51 5.54 (2.28) 8 6.12 (2.40) 7 6.10 (1.87) 91 6.76 (2.50) . 4.83 (1.82) 43 4.70 (2.12) 36 3.29 (2.32) . 3.52 (2.42) 26 3.86 (2.26) 7 3.61 (2.01) 15 4.55 (1.92) 2 4.34 (1.94) 6 3.79 (2.75) 2 4.19 (2.19) 7 3.76 (2.41) 4 4.55 (1.90) 10 5.04 (1.91) 1 3.26 (2.24) 29 4.89 (2.75) 100 6.25 (2.10) 75 4.61 (2.07) 10 6.33 (2.42) 46 4.69 (1.72) 312 5.48 (1.70) 4
dreadful 131 2.26 (1.91) dream 132 6.73 (1.75) dreary 731 3.05 (1.58) dress 133 6.41 (1.34) drown 591 1.92 (1.48) dummy 732 3.38 (1.70) dump 733 3.21 (1.87) dustpan 555 3.98 (1.68) earth 134 7.15 (1.67) easy 734 7.10 (1.91) easygoing 135 7.20 (1.50) eat 136 7.47 (1.73) ecstasy 735 7.98 (1.52) education 137 6.69 (1.77) egg 736 5.29 (1.82) elated 138 7.45 (1.77) elbow 737 5.12 (0.92) elegant 139 7.43 (1.26) elevator 738 5.44 (1.18) embarrassed 140 3.03 (1.85) embattled 141 4.39 (1.63) employment 147 6.47 (1.81) engaged 143 8.00 (1.38) engine 148 5.20 (1.18) enjoyment 145 7.80 (1.20) ennui 146 5.09 (1.76) enraged 149 2.46 (1.65) erotic 512 7.43 (1.53) errand 150 4.58 (1.74) event 740 6.21 (1.63) evil 741 3.23 (2.64) excellence 151 8.38 (0.96) excitement 152 7.50 (2.20) excuse 153 4.05 (1.41) execution 154 2.37 (2.06) exercise 155 7.13 (1.58) fabric 742 5.30 (1.20) face 556 6.39 (1.60) failure 156 1.70 (1.07)
5.84 (2.62) 4.53 (2.72) 2.98 (2.18) 4.05 (1.89) 6.57 (2.33) 4.35 (2.25) 4.12 (2.36) 3.43 (2.00) 4.24 (2.49) 4.48 (2.82) 4.30 (2.52) 5.69 (2.51) 7.38 (1.92) 5.74 (2.46) 3.76 (2.39) 6.21 (2.30) 3.81 (2.14) 4.53 (2.65) 4.16 (1.99) 5.87 (2.55) 5.36 (2.37) 5.28 (2.12) 6.77 (2.07) 3.98 (2.33) 5.20 (2.72) 4.40 (2.33) 7.97 (2.17) 7.24 (1.97) 3.85 (1.92) 5.10 (2.40) 6.39 (2.44) 5.54 (2.67) 7.67 (1.91) 4.48 (2.29) 5.71 (2.74) 6.84 (2.06) 4.14 (1.98) 5.04 (2.18) 4.95 (2.81)
4.10 (2.36) 10 5.53 (1.98) 64 3.81 (1.64) 6 5.00 (1.89) 67 2.86 (1.99) 3 3.67 (2.02) 3 3.83 (1.87) 4 5.45 (1.81) . 5.61 (2.30) 150 7.00 (1.63) 125 5.25 (1.75) 1 5.60 (2.12) 61 6.68 (2.08) 6 6.15 (2.35) 214 4.49 (2.16) 12 5.53 (2.35) 3 4.88 (1.52) 10 5.95 (2.09) 14 4.32 (1.69) 12 2.87 (1.99) 8 4.81 (1.79) 1 5.73 (2.08) 47 6.49 (2.22) 47 5.00 (1.77) 50 6.46 (1.77) 21 4.67 (1.80) . 6.33 (2.92) 1 6.39 (2.16) 8 4.78 (1.51) 7 5.52 (1.57) 81 5.25 (2.60) 72 7.28 (2.32) 15 6.18 (2.17) 32 4.07 (2.10) 27 4.11 (2.66) 15 5.68 (2.44) 58 5.03 (1.61) 15 5.67 (1.58) 371 2.40 (2.18) 89
fall 743 FALSE 744 fame 157 family 158 famous 745 fantasy 746 farm 557 fascinate 159 fat 160 father 161 fatigued 162 fault 747 favor 748 fear 592 fearful 163 feeble 164 festive 749 fever 750 field 558 fight 751 filth 165 finger 752 fire 166 fireworks 513 fish 559 flabby 167 flag 753 flirt 754 flood 755 flower 168 foam 756 food 514 foot 757 fork 560 foul 169 fragrance 170 fraud 171 free 172 freedom 173
4.09 (2.21) 3.27 (1.40) 7.93 (1.29) 7.65 (1.55) 6.98 (2.07) 7.41 (1.90) 5.53 (1.85) 7.34 (1.68) 2.28 (1.92) 7.08 (2.20) 3.28 (1.43) 3.43 (1.38) 6.46 (1.52) 2.76 (2.12) 2.25 (1.18) 3.26 (1.47) 7.30 (2.26) 2.76 (1.64) 6.20 (1.37) 3.76 (2.63) 2.47 (1.68) 5.29 (1.42) 3.22 (2.06) 7.55 (1.50) 6.04 (1.94) 2.66 (1.87) 6.02 (1.66) 7.52 (1.19) 3.19 (1.66) 6.64 (1.78) 6.07 (2.03) 7.65 (1.37) 5.02 (0.93) 5.29 (0.97) 2.81 (1.52) 6.07 (1.97) 2.67 (1.66) 8.26 (1.31) 7.58 (2.04)
4.70 (2.48) 3.43 (2.09) 6.55 (2.46) 4.80 (2.71) 5.73 (2.68) 5.14 (2.82) 3.90 (1.95) 5.83 (2.73) 4.81 (2.80) 5.92 (2.60) 2.64 (2.19) 4.07 (1.69) 4.54 (1.86) 6.96 (2.17) 6.33 (2.28) 4.10 (2.07) 6.58 (2.29) 4.29 (2.31) 4.08 (2.41) 7.15 (2.19) 5.12 (2.32) 3.78 (2.42) 7.17 (2.06) 6.67 (2.12) 4.00 (2.19) 4.82 (2.81) 4.60 (2.35) 6.91 (1.69) 6.00 (2.02) 4.00 (2.44) 5.26 (2.54) 5.92 (2.11) 3.27 (1.98) 3.96 (1.94) 4.93 (2.23) 4.79 (2.54) 5.75 (2.45) 5.15 (3.04) 5.52 (2.72)
4.00 (2.15) 147 4.10 (1.56) 29 6.85 (2.14) 18 6.00 (1.87) 331 6.32 (2.18) 89 6.43 (2.05) 14 5.59 (1.81) 125 6.15 (1.89) 3 4.47 (3.06) 60 5.63 (2.89) 383 3.78 (1.97) 3 4.02 (1.66) 22 5.67 (1.76) 78 3.22 (2.20) 127 3.64 (2.18) 13 2.71 (1.64) 8 5.77 (2.34) 2 3.52 (2.15) 19 5.84 (1.94) 274 5.27 (2.69) 98 3.81 (2.06) 2 5.05 (1.70) 40 4.49 (2.49) 187 5.51 (1.98) 5 6.02 (1.68) 35 3.31 (1.90) . 5.50 (1.66) 16 6.24 (2.33) 1 3.24 (2.14) 19 4.98 (2.17) 23 5.24 (1.97) 37 6.18 (2.48) 147 4.98 (1.42) 70 5.74 (1.52) 14 4.51 (1.89) 4 5.14 (1.91) 6 3.58 (2.50) 8 6.35 (2.40) 260 6.76 (2.29) 128
friend 174 7.74 (1.24) friendly 175 8.43 (1.08) frigid 758 3.50 (1.85) frog 176 5.71 (1.74) frustrated 177 2.48 (1.64) fun 759 8.37 (1.11) funeral 178 1.39 (0.87) fungus 179 3.06 (1.75) fur 180 4.51 (1.88) game 760 6.98 (1.97) gangrene 181 2.28 (1.91) garbage 182 2.98 (1.96) garden 761 6.71 (1.74) garment 762 6.07 (1.61) garter 534 6.22 (1.59) gender 763 5.73 (1.55) gentle 183 7.31 (1.30) germs 764 2.86 (1.39) gift 184 7.77 (2.24) girl 185 6.87 (1.64) glacier 186 5.50 (1.25) glamour 187 6.76 (1.60) glass 765 4.75 (1.38) gloom 188 1.88 (1.23) glory 189 7.55 (1.68) god 190 8.15 (1.27) gold 191 7.54 (1.63) golfer 535 5.61 (1.93) good 766 7.47 (1.45) gossip 767 3.48 (2.33) graduate 192 8.19 (1.13) grass 768 6.12 (1.44) grateful 193 7.37 (0.97) greed 769 3.51 (1.93) green 194 6.18 (2.05) greet 770 7.00 (1.52) grenade 771 3.60 (1.88) grief 195 1.69 (1.04) grime 772 3.37 (1.34)
5.74 (2.57) 5.11 (2.96) 4.75 (2.56) 4.54 (2.03) 5.61 (2.76) 7.22 (2.01) 4.94 (3.21) 4.68 (2.33) 4.18 (2.44) 5.89 (2.37) 5.70 (2.96) 5.04 (2.50) 4.39 (2.35) 4.49 (2.50) 5.47 (2.15) 4.38 (2.13) 3.21 (2.57) 4.49 (2.24) 6.14 (2.76) 4.29 (2.69) 4.24 (2.29) 4.68 (2.23) 4.27 (2.07) 3.83 (2.33) 6.02 (2.71) 5.95 (2.84) 5.76 (2.79) 3.73 (2.26) 5.43 (2.85) 5.74 (2.38) 7.25 (2.25) 4.14 (2.11) 4.58 (2.14) 4.71 (2.26) 4.28 (2.46) 5.27 (2.31) 5.70 (2.52) 4.78 (2.84) 3.98 (2.29)
6.74 (1.89) 133 5.92 (2.42) 61 4.27 (1.98) 5 5.34 (1.96) 1 3.50 (2.12) 10 6.80 (1.85) 44 2.97 (2.55) 33 4.06 (1.94) 2 4.32 (1.97) 13 5.70 (1.65) 123 3.36 (2.34) . 4.24 (2.02) 7 6.02 (1.71) 60 5.30 (1.96) 6 5.82 (1.62) 2 5.60 (1.84) 2 5.10 (2.16) 27 3.79 (1.59) 1 5.52 (2.54) 33 5.80 (2.16) 220 4.92 (2.12) 1 5.76 (2.49) 5 5.00 (1.46) 99 3.55 (2.07) 14 6.85 (2.23) 21 5.88 (2.89) 318 5.85 (2.46) 52 5.55 (1.79) 3 6.41 (2.05) 807 3.57 (2.26) 13 6.94 (2.44) 30 5.44 (1.36) 53 6.18 (1.77) 25 4.88 (2.03) 3 4.82 (2.05) 116 5.95 (2.07) 7 4.29 (2.50) 3 3.50 (2.35) 10 4.47 (1.28) .
grin 773 gripe 774 guillotine 196 guilty 197 gun 593 gymnast 515 habit 775 hairdryer 561 hairpin 776 hamburger 777 hammer 198 hand 778 handicap 779 handsome 199 haphazard 780 happy 200 hard 781 hardship 782 hat 783 hate 201 hatred 202 hawk 536 hay 784 headache 203 headlight 785 heal 786 health 204 heart 787 heaven 205 hell 788 helpless 206 heroin 789 hide 207 highway 562 hinder 790 history 208 hit 594 holiday 791 home 209
7.40 (1.87) 3.14 (1.56) 2.48 (2.11) 2.63 (1.98) 3.47 (2.48) 6.35 (1.79) 4.11 (1.77) 4.84 (0.84) 5.26 (1.45) 6.27 (1.50) 4.88 (1.16) 5.95 (1.38) 3.29 (1.69) 7.93 (1.47) 4.02 (1.41) 8.21 (1.82) 5.22 (1.82) 2.45 (1.61) 5.46 (1.36) 2.12 (1.72) 1.98 (1.92) 5.88 (1.62) 5.24 (1.24) 2.02 (1.06) 5.24 (1.51) 7.09 (1.46) 6.81 (1.88) 7.39 (1.53) 7.30 (2.39) 2.24 (1.62) 2.20 (1.42) 4.36 (2.73) 4.32 (1.91) 5.92 (1.72) 3.81 (1.42) 5.24 (2.01) 4.33 (2.35) 7.55 (2.14) 7.91 (1.63)
5.27 (2.64) 5.00 (2.19) 6.56 (2.54) 6.04 (2.76) 7.02 (1.84) 5.02 (2.20) 3.95 (2.11) 3.71 (1.75) 3.27 (2.41) 4.55 (2.14) 4.58 (2.02) 4.40 (2.07) 3.81 (2.27) 5.95 (2.73) 4.07 (2.18) 6.49 (2.77) 5.12 (2.19) 4.76 (2.55) 4.10 (2.00) 6.95 (2.56) 6.66 (2.56) 4.39 (2.29) 3.95 (2.58) 5.07 (2.74) 3.81 (2.22) 4.77 (2.23) 5.13 (2.35) 6.34 (2.25) 5.61 (3.20) 5.38 (2.62) 5.34 (2.52) 5.11 (2.72) 5.28 (2.51) 5.16 (2.44) 4.12 (2.01) 3.93 (2.29) 5.73 (2.09) 6.59 (2.73) 4.21 (2.94)
6.00 (1.86) 13 4.67 (1.79) . 4.64 (2.63) . 3.09 (2.22) 29 3.53 (2.72) 118 5.31 (1.79) 1 4.30 (1.79) 23 5.57 (1.27) . 5.05 (1.32) 1 5.32 (1.21) 6 4.75 (1.88) 9 5.35 (1.49) 431 4.00 (2.24) 6 5.19 (2.22) 40 4.29 (1.67) 2 6.63 (2.43) 98 5.59 (1.63) 202 4.22 (2.40) 9 5.39 (1.43) 56 5.05 (2.95) 42 4.30 (2.76) 20 5.50 (1.69) 14 5.37 (1.64) 19 3.60 (1.98) 5 4.88 (1.47) . 5.79 (1.80) 2 5.83 (1.91) 105 5.49 (2.11) 173 6.15 (2.56) 43 3.24 (2.36) 95 2.27 (1.83) 21 4.80 (2.54) 2 3.40 (2.12) 22 5.66 (1.81) 40 4.21 (1.54) . 4.83 (2.08) 286 4.88 (2.01) 115 6.30 (2.17) 17 5.90 (2.30) 547
honest 210 7.70 (1.43) honey 792 6.73 (1.70) honor 211 7.66 (1.24) hooker 793 3.34 (2.31) hope 794 7.05 (1.96) hopeful 212 7.10 (1.46) horror 213 2.76 (2.25) horse 214 5.89 (1.55) hospital 215 5.04 (2.45) hostage 216 2.20 (1.80) hostile 217 2.73 (1.50) hotel 795 6.00 (1.77) house 563 7.26 (1.72) hug 218 8.00 (1.55) humane 796 6.89 (1.70) humble 219 5.86 (1.42) humiliate 797 2.24 (1.34) humor 220 8.56 (0.81) hungry 221 3.58 (2.01) hurricane 798 3.34 (2.12) hurt 222 1.90 (1.26) hydrant 564 5.02 (0.93) icebox 799 4.95 (1.00) idea 800 7.00 (1.34) identity 801 6.57 (1.99) idiot 223 3.16 (1.91) idol 802 6.12 (1.86) ignorance 803 3.07 (2.25) illness 804 2.48 (1.40) imagine 805 7.32 (1.52) immature 806 3.39 (1.70) immoral 807 3.50 (2.16) impair 808 3.18 (1.86) impotent 224 2.81 (1.92) impressed 225 7.33 (1.84) improve 226 7.65 (1.16) incentive 809 7.00 (1.72) indifferent 810 4.61 (1.28) industry 227 5.30 (1.61)
5.32 (1.92) 4.51 (2.25) 5.90 (1.83) 4.93 (2.82) 5.44 (2.47) 5.78 (2.09) 7.21 (2.14) 3.89 (2.17) 5.98 (2.54) 6.76 (2.63) 6.44 (2.28) 4.80 (2.53) 4.56 (2.41) 5.35 (2.76) 4.50 (1.91) 3.74 (2.33) 6.14 (2.42) 5.50 (2.91) 5.13 (2.44) 6.83 (2.06) 5.85 (2.49) 3.71 (1.75) 4.17 (2.11) 5.86 (1.81) 4.95 (2.24) 4.21 (2.47) 4.95 (2.14) 4.39 (2.49) 4.71 (2.24) 5.98 (2.14) 4.15 (1.96) 4.98 (2.48) 4.04 (2.14) 4.57 (2.59) 5.42 (2.65) 5.69 (2.15) 5.69 (2.45) 3.18 (1.85) 4.47 (2.43)
6.24 (2.13) 47 5.44 (1.47) 25 6.70 (2.04) 66 4.73 (2.48) . 5.52 (2.20) 178 5.41 (1.92) 12 4.63 (2.70) 17 4.67 (1.60) 117 4.69 (2.16) 110 2.83 (2.32) 2 4.85 (2.58) 19 5.12 (1.84) 126 6.08 (2.12) 591 5.79 (2.41) 3 5.70 (1.91) 5 4.76 (2.25) 18 2.60 (1.94) . 6.08 (2.14) 47 4.68 (2.05) 23 3.07 (2.18) 8 3.33 (2.22) 37 5.53 (1.30) . 5.05 (1.05) 3 6.26 (2.00) 195 6.40 (1.89) 55 3.18 (2.13) 2 5.37 (2.17) 7 4.41 (2.38) 16 3.21 (1.85) 20 7.07 (1.99) 61 4.85 (2.20) 7 4.66 (2.33) 5 4.09 (2.18) 4 3.43 (2.43) 2 5.51 (2.21) 30 6.08 (2.25) 39 5.93 (2.02) 12 4.84 (1.67) 11 4.91 (2.04) 171
infant 811 infatuation 516 infection 228 inferior 812 inhabitant 813 injury 595 ink 229 innocent 814 insane 815 insect 816 insecure 230 insolent 231 inspire 232 inspired 233 insult 817 intellect 818 intercourse 819 interest 234 intimate 821 intruder 822 invader 823 invest 824 iron 565 irritate 235 item 825 jail 236 jealousy 237 jelly 238 jewel 239 joke 826 jolly 827 journal 828 joy 240 joyful 241 jug 829 justice 242 kerchief 830 kerosene 243 ketchup 831
6.95 (2.08) 6.73 (2.08) 1.66 (1.34) 3.07 (1.57) 5.05 (1.34) 2.49 (1.76) 5.05 (0.81) 6.51 (1.34) 2.85 (1.94) 4.07 (2.16) 2.36 (1.33) 4.35 (1.76) 6.97 (1.91) 7.15 (1.85) 2.29 (1.33) 6.82 (1.96) 7.36 (1.57) 6.97 (1.53) 7.61 (1.51) 2.77 (2.32) 3.05 (2.01) 5.93 (2.10) 4.90 (1.02) 3.11 (1.67) 5.26 (0.86) 1.95 (1.27) 2.51 (1.83) 5.66 (1.44) 7.00 (1.72) 8.10 (1.36) 7.41 (1.92) 5.14 (1.49) 8.60 (0.71) 8.22 (1.22) 5.24 (1.65) 7.78 (1.35) 5.11 (1.33) 4.80 (1.59) 5.60 (1.35)
5.05 (2.66) 7.02 (1.87) 5.03 (2.77) 3.83 (2.05) 3.95 (1.97) 5.69 (2.06) 3.84 (1.88) 4.21 (1.99) 5.83 (2.45) 4.07 (2.46) 5.56 (2.34) 5.38 (2.37) 5.00 (2.53) 6.02 (2.67) 6.00 (2.46) 4.75 (2.50) 7.00 (2.07) 5.66 (2.26) 6.98 (2.21) 6.86 (2.41) 5.50 (2.40) 5.12 (2.42) 3.76 (2.06) 5.76 (2.15) 3.24 (2.08) 5.49 (2.67) 6.36 (2.66) 3.70 (2.29) 5.38 (2.54) 6.74 (1.84) 5.57 (2.80) 4.05 (1.96) 7.22 (2.13) 5.98 (2.54) 3.88 (2.15) 5.47 (2.54) 3.43 (2.08) 4.34 (2.51) 4.09 (2.08)
5.67 (2.48) 11 4.90 (2.28) 4 3.61 (2.64) 8 2.78 (2.08) 7 5.37 (1.43) . 3.57 (1.62) 27 4.61 (2.13) 7 5.28 (2.08) 37 4.12 (2.23) 13 4.56 (2.47) 14 2.33 (1.95) 3 4.50 (2.06) 2 6.34 (2.11) 3 6.67 (2.31) 25 3.62 (2.05) 7 6.30 (1.98) 5 6.40 (1.78) 9 5.88 (1.78) 330 5.86 (2.29) 21 4.00 (2.68) 1 4.00 (2.60) 1 5.88 (1.95) 3 5.10 (1.27) 43 5.03 (2.05) . 5.26 (1.67) 54 3.81 (2.71) 21 3.80 (2.41) 4 4.53 (1.77) 3 5.59 (2.19) 1 6.15 (1.86) 22 6.39 (1.72) 4 5.26 (1.42) 42 6.28 (2.15) 40 6.60 (1.80) 1 5.05 (1.62) 6 6.47 (2.26) 114 5.25 (1.28) 1 4.63 (1.99) 6 5.29 (1.81) 1
kettle 832 5.22 (0.91) key 833 5.68 (1.62) kick 834 4.31 (2.18) kids 835 6.91 (1.99) killer 244 1.89 (1.39) kind 245 7.59 (1.67) kindness 246 7.82 (1.39) king 247 7.26 (1.67) kiss 248 8.26 (1.54) kitten 517 6.86 (2.13) knife 596 3.62 (2.18) knot 836 4.64 (1.36) knowledge 249 7.58 (1.32) lake 250 6.82 (1.54) lamb 837 5.89 (1.73) lamp 838 5.41 (1.00) lantern 839 5.57 (1.19) laughter 251 8.45 (1.08) lavish 840 6.21 (2.03) lawn 841 5.24 (0.86) lawsuit 842 3.37 (2.00) lazy 843 4.38 (2.02) leader 844 7.63 (1.59) learn 252 7.15 (1.49) legend 845 6.39 (1.34) leisurely 253 6.88 (1.81) leprosy 254 2.09 (1.40) lesbian 597 4.67 (2.45) letter 846 6.61 (1.59) liberty 255 7.98 (1.22) lice 256 2.31 (1.78) lie 257 2.79 (1.92) life 258 7.27 (1.88) lightbulb 566 5.61 (1.28) lighthouse 847 5.89 (2.08) lightning 598 4.57 (2.66) limber 848 5.68 (1.49) lion 518 5.57 (1.99) listless 259 4.12 (1.73)
3.22 (2.23) 3.70 (2.18) 4.90 (2.35) 5.27 (2.36) 7.86 (1.89) 4.46 (2.55) 4.30 (2.62) 5.51 (2.77) 7.32 (2.03) 5.08 (2.45) 5.80 (2.00) 4.07 (2.15) 5.92 (2.32) 3.95 (2.44) 3.36 (2.18) 3.80 (2.12) 4.05 (2.28) 6.75 (2.50) 4.93 (2.40) 4.00 (1.79) 4.93 (2.44) 2.65 (2.06) 6.27 (2.18) 5.39 (2.22) 4.88 (1.76) 3.80 (2.38) 6.29 (2.23) 5.12 (2.27) 4.90 (2.37) 5.60 (2.65) 5.00 (2.26) 5.96 (2.63) 6.02 (2.62) 4.10 (2.02) 4.41 (2.44) 6.61 (1.77) 4.57 (2.26) 6.20 (2.16) 4.10 (2.31)
5.00 (1.40) 3 4.98 (2.04) 88 5.50 (1.93) 16 5.07 (2.03) 32 4.54 (3.11) 21 5.95 (1.93) 313 5.67 (2.63) 5 7.38 (2.10) 88 6.93 (2.28) 17 6.86 (2.01) 5 4.12 (2.18) 76 4.67 (1.65) 8 6.78 (2.41) 145 4.90 (2.10) 54 4.91 (1.96) 7 5.27 (1.61) 18 5.07 (1.82) 13 6.45 (2.45) 22 5.64 (1.61) 3 5.37 (1.11) 15 3.92 (2.02) 1 4.07 (1.93) 9 7.88 (1.60) 74 6.34 (2.17) 84 5.54 (1.64) 26 5.15 (1.90) 5 4.00 (2.30) 1 5.35 (2.20) . 5.73 (1.48) 145 6.29 (2.44) 46 3.95 (2.29) 2 3.30 (2.42) 59 5.72 (2.51) 715 5.82 (1.56) . 5.25 (2.02) . 3.67 (2.19) 14 5.34 (1.84) 2 4.12 (2.33) 17 4.14 (1.73) 1
lively 849 locker 850 loneliness 260 lonely 261 loser 851 lost 852 lottery 853 louse 262 love 263 loved 264 loyal 265 lucky 266 lump 854 luscious 267 lust 519 luxury 268 machine 855 mad 856 madman 857 maggot 269 magical 858 mail 859 malaria 860 malice 270 man 537 mangle 861 maniac 862 manner 863 mantel 864 manure 865 market 866 massacre 867 masterful 271 masturbate 599 material 868 measles 272 medicine 869 meek 273 melody 870
7.20 (1.97) 5.19 (1.31) 1.61 (1.02) 2.17 (1.76) 2.25 (1.48) 2.82 (1.83) 6.57 (2.04) 2.81 (1.92) 8.72 (0.70) 8.64 (0.71) 7.55 (1.90) 8.17 (1.06) 4.16 (2.34) 7.50 (1.08) 7.12 (1.62) 7.88 (1.49) 5.09 (1.67) 2.44 (1.72) 3.91 (2.49) 2.06 (1.47) 7.46 (1.64) 6.88 (1.74) 2.40 (1.38) 2.69 (1.84) 6.73 (1.70) 3.90 (2.01) 3.76 (2.00) 5.64 (1.34) 4.93 (1.40) 3.10 (1.74) 5.66 (1.02) 2.28 (1.74) 7.09 (1.78) 5.45 (2.02) 5.26 (1.29) 2.74 (1.97) 5.67 (2.06) 3.87 (1.69) 7.07 (1.79)
5.53 (2.90) 3.38 (2.13) 4.56 (2.97) 4.51 (2.68) 4.95 (2.57) 5.82 (2.62) 5.36 (2.45) 4.98 (2.03) 6.44 (3.35) 6.38 (2.68) 5.16 (2.42) 6.53 (2.34) 4.80 (2.82) 5.34 (2.51) 6.88 (1.85) 4.75 (2.91) 3.82 (2.40) 6.76 (2.26) 5.56 (2.78) 5.28 (2.96) 5.95 (2.36) 5.63 (2.36) 4.40 (2.54) 5.86 (2.75) 5.24 (2.31) 5.44 (2.10) 5.39 (2.46) 4.56 (1.78) 3.27 (2.23) 4.17 (2.09) 4.12 (1.83) 5.33 (2.63) 5.20 (2.85) 5.67 (2.18) 4.05 (2.34) 5.06 (2.44) 4.40 (2.36) 3.80 (2.13) 4.98 (2.52)
6.09 (1.95) 26 5.36 (1.87) 9 2.51 (2.27) 9 2.95 (2.12) 25 3.02 (2.17) 1 2.86 (1.64) 173 4.81 (2.11) 1 3.57 (2.26) 3 7.11 (2.56) 232 6.62 (2.53) 56 6.91 (2.23) 18 6.05 (2.25) 21 4.32 (2.18) 7 5.68 (1.84) 2 5.49 (2.27) 5 6.40 (2.45) 21 5.23 (2.06) 103 5.86 (2.20) 39 4.79 (2.55) 2 4.03 (2.09) 2 5.73 (2.19) 12 5.67 (1.79) 47 3.22 (1.90) 3 4.74 (2.72) 2 5.53 (2.23) 1207 4.61 (1.84) . 4.22 (2.07) 4 5.05 (1.83) 124 4.95 (1.61) 3 4.67 (1.36) 6 5.27 (1.40) 155 3.50 (2.26) 1 7.18 (2.56) 2 5.63 (2.25) . 5.12 (1.45) 174 4.13 (2.16) 2 4.70 (1.91) 30 3.67 (2.23) 10 5.46 (1.78) 21
memories 871 7.48 (1.61) memory 274 6.62 (1.50) menace 275 2.88 (1.64) merry 872 7.90 (1.49) messy 873 3.15 (1.73) metal 874 4.95 (1.17) method 875 5.56 (1.76) mighty 276 6.54 (2.19) mildew 277 3.17 (1.36) milk 876 5.95 (2.16) millionaire 278 8.03 (1.42) mind 877 6.68 (1.84) miracle 279 8.60 (0.71) mischief 878 5.57 (2.05) misery 879 1.93 (1.60) mistake 880 2.86 (1.79) mobility 881 6.83 (1.79) modest 280 5.76 (1.28) mold 882 3.55 (1.70) moment 281 5.76 (1.65) money 282 7.59 (1.40) month 283 5.15 (1.09) moody 883 3.20 (1.58) moral 884 6.20 (1.85) morbid 284 2.87 (2.14) morgue 285 1.92 (1.32) mosquito 885 2.80 (1.91) mother 286 8.39 (1.15) mountain 287 6.59 (1.66) movie 288 6.86 (1.81) mucus 886 3.34 (2.29) muddy 887 4.44 (2.07) muffin 888 6.57 (2.04) murderer 289 1.53 (0.96) muscular 290 6.82 (1.63) museum 889 5.54 (1.86) mushroom 567 5.78 (2.22) music 291 8.13 (1.09) mutation 890 3.91 (2.44)
6.10 (2.10) 5.42 (2.25) 5.52 (2.45) 5.90 (2.42) 3.34 (2.37) 3.79 (1.96) 3.85 (2.58) 5.61 (2.38) 4.08 (1.79) 3.68 (2.57) 6.14 (2.70) 5.00 (2.68) 7.65 (1.67) 5.76 (1.95) 5.17 (2.69) 5.18 (2.42) 5.00 (2.18) 3.98 (2.24) 4.07 (1.98) 3.83 (2.29) 5.70 (2.66) 4.03 (1.77) 4.18 (2.38) 4.49 (2.28) 5.06 (2.68) 4.84 (2.96) 4.78 (2.72) 6.13 (2.71) 5.49 (2.43) 4.93 (2.54) 3.41 (2.17) 4.13 (2.13) 4.76 (2.42) 7.47 (2.18) 5.47 (2.20) 3.60 (2.13) 4.72 (2.33) 5.32 (3.19) 4.84 (2.52)
5.88 (1.92) 15 5.11 (2.12) 76 4.98 (2.25) 9 6.64 (1.66) 8 4.75 (2.15) 3 5.38 (1.40) 61 5.67 (1.58) 142 7.23 (2.11) 29 4.40 (1.79) 1 5.83 (1.50) 49 6.97 (2.40) 2 6.37 (2.19) 325 5.35 (2.58) 16 5.56 (1.88) 5 2.55 (1.45) 15 3.86 (2.42) 34 6.43 (1.48) 8 4.96 (2.16) 29 4.33 (1.83) 45 4.81 (1.92) 246 6.25 (2.33) 265 4.85 (1.14) 130 4.39 (1.71) 5 5.90 (2.20) 142 4.34 (2.50) 1 3.61 (1.94) 1 4.51 (2.15) 1 5.74 (2.37) 216 5.46 (2.36) 33 5.00 (1.79) 29 4.80 (1.83) 2 4.73 (1.77) 10 5.51 (1.63) . 3.77 (3.06) 19 6.58 (2.28) 16 5.32 (1.68) 32 5.52 (2.10) 2 6.39 (2.44) 216 4.07 (2.10) .
mutilate 292 mystic 891 naked 892 name 893 narcotic 894 nasty 895 natural 896 nature 293 nectar 294 needle 897 neglect 898 nervous 899 neurotic 900 news 901 nice 902 nightmare 295 nipple 903 noisy 904 nonchalant 296 nonsense 905 noose 906 nourish 907 nude 520 nuisance 908 nun 909 nurse 538 nursery 910 obesity 911 obey 912 obnoxious 913 obscene 914 obsession 915 ocean 297 odd 916 offend 917 office 568 opinion 298 optimism 918 option 919
1.82 (1.45) 6.00 (2.21) 6.34 (2.42) 5.55 (2.24) 4.29 (2.30) 3.58 (2.38) 6.59 (1.57) 7.65 (1.37) 6.90 (1.53) 3.82 (1.73) 2.63 (1.64) 3.29 (1.47) 4.45 (2.23) 5.30 (1.67) 6.55 (2.44) 1.91 (1.54) 6.27 (1.81) 5.02 (2.02) 4.74 (1.11) 4.61 (1.63) 3.76 (1.64) 6.46 (1.69) 6.82 (1.63) 3.27 (1.86) 4.93 (1.89) 6.08 (2.08) 5.73 (2.30) 2.73 (1.85) 4.52 (1.88) 3.50 (2.18) 4.23 (2.30) 4.52 (2.13) 7.12 (1.72) 4.82 (2.04) 2.76 (1.50) 5.24 (1.59) 6.28 (1.45) 6.95 (2.24) 6.49 (1.31)
6.41 (2.94) 4.84 (2.57) 5.80 (2.80) 4.25 (2.47) 4.93 (2.57) 4.89 (2.50) 4.09 (2.37) 4.37 (2.51) 3.89 (2.48) 5.36 (2.89) 4.83 (2.31) 6.59 (2.07) 5.13 (2.76) 5.17 (2.11) 4.38 (2.69) 7.59 (2.23) 5.56 (2.55) 6.38 (1.78) 3.12 (1.93) 4.17 (2.02) 4.39 (2.08) 4.29 (2.51) 6.41 (2.09) 4.49 (2.69) 2.93 (1.80) 4.84 (2.04) 4.04 (2.74) 3.87 (2.82) 4.23 (1.72) 4.74 (2.42) 5.04 (2.30) 6.41 (2.13) 4.95 (2.79) 4.27 (2.46) 5.56 (2.06) 4.08 (1.92) 4.89 (2.46) 5.34 (2.58) 4.74 (2.23)
3.41 (2.71) 3 5.52 (1.93) 3 6.00 (2.05) 32 5.16 (2.08) 294 4.44 (2.43) 2 5.00 (2.17) 5 5.57 (1.69) 156 4.95 (2.72) 191 4.54 (2.06) 3 3.95 (2.17) 15 3.85 (2.29) 12 3.56 (1.73) 24 4.41 (2.05) 10 4.60 (1.88) 102 5.58 (2.20) 75 3.68 (2.76) 9 5.57 (2.00) . 4.93 (1.76) 6 4.31 (1.54) 1 4.90 (1.55) 13 4.17 (1.92) 3 5.80 (1.62) . 5.96 (2.29) 20 4.36 (1.73) 5 4.93 (1.69) 2 4.84 (2.20) 17 5.18 (2.23) 13 3.74 (2.45) 5 4.26 (2.40) 8 5.39 (2.20) 5 4.48 (1.91) 2 4.77 (2.38) 5 5.53 (2.75) 34 4.77 (1.89) 44 3.73 (2.03) 4 5.59 (1.89) 255 5.53 (1.93) 96 6.61 (2.06) 15 6.34 (1.80) 5
orchestra 299 6.02 (1.89) orgasm 920 8.32 (1.31) outdoors 521 7.47 (1.80) outrage 921 3.52 (2.12) outstanding 922 7.75 (1.75) overcast 923 3.65 (1.61) overwhelmed 300 4.19 (2.61) owl 522 5.80 (1.31) pain 301 2.13 (1.81) paint 924 5.62 (1.72) palace 302 7.19 (1.78) pamphlet 925 4.79 (1.05) pancakes 523 6.08 (1.83) panic 601 3.12 (1.84) paper 303 5.20 (1.21) paradise 304 8.72 (0.60) paralysis 926 1.98 (1.44) part 927 5.11 (1.78) party 305 7.86 (1.83) passage 928 5.28 (1.44) passion 306 8.03 (1.27) pasta 524 6.69 (1.64) patent 307 5.29 (1.08) patient 929 5.29 (1.89) patriot 930 6.71 (1.69) peace 308 7.72 (1.75) penalty 931 2.83 (1.56) pencil 309 5.22 (0.68) penis 932 5.90 (1.72) penthouse 933 6.81 (1.64) people 525 7.33 (1.70) perfection 310 7.25 (2.05) perfume 934 6.76 (1.48) person 311 6.32 (1.74) pervert 312 2.79 (2.12) pest 313 3.13 (1.82) pet 935 6.79 (2.32) phase 936 5.17 (0.79) pie 314 6.41 (1.89)
3.52 (2.29) 8.10 (1.45) 5.92 (2.55) 6.83 (2.26) 6.24 (2.59) 3.46 (1.92) 7.00 (2.37) 3.98 (1.87) 6.50 (2.49) 4.10 (2.36) 5.10 (2.75) 3.62 (2.02) 4.06 (2.13) 7.02 (2.02) 2.50 (1.85) 5.12 (3.38) 4.73 (2.83) 3.82 (2.24) 6.69 (2.84) 4.36 (2.13) 7.26 (2.57) 4.94 (2.04) 3.50 (1.84) 4.21 (2.37) 5.17 (2.53) 2.95 (2.55) 5.10 (2.31) 3.14 (1.90) 5.54 (2.63) 5.52 (2.49) 5.94 (2.09) 5.95 (2.73) 5.05 (2.36) 4.19 (2.45) 6.26 (2.61) 5.62 (2.15) 5.10 (2.59) 3.98 (1.82) 4.20 (2.40)
5.17 (2.14) 60 6.83 (2.18) 7 6.27 (2.24) 6 5.26 (2.72) 4 6.40 (2.29) 37 4.20 (1.79) 9 3.89 (2.58) 4 5.82 (1.62) 2 3.71 (2.53) 88 5.75 (1.71) 37 5.69 (2.17) 38 4.63 (1.48) 3 5.76 (1.61) . 3.20 (1.67) 22 4.47 (1.67) 157 6.03 (2.79) 12 2.56 (1.82) 6 4.75 (1.59) 500 5.83 (2.46) 216 5.02 (1.62) 49 6.13 (2.24) 28 5.80 (1.47) . 4.90 (1.79) 35 4.90 (2.31) 86 5.90 (1.54) 10 5.45 (2.84) 198 3.95 (1.97) 14 4.78 (1.73) 34 5.92 (2.54) . 6.52 (1.82) 1 6.14 (2.02) 847 6.71 (2.26) 11 5.93 (1.69) 10 5.35 (2.02) 175 4.72 (2.83) 1 5.29 (2.13) 4 5.85 (2.28) 8 4.65 (1.72) 72 5.35 (1.78) 14
pig 937 pillow 315 pinch 938 pistol 939 pity 940 pizza 526 plain 941 plane 539 plant 316 pleasure 317 poetry 318 poison 319 politeness 320 pollute 321 poster 942 poverty 322 power 323 powerful 324 prairie 325 present 943 pressure 944 prestige 945 pretty 326 prick 946 pride 327 priest 328 prison 329 privacy 330 profit 331 progress 947 promotion 332 protected 333 proud 334 pungent 948 punishment 335 puppy 336 pus 602 putrid 337 python 949
5.07 (1.97) 7.92 (1.40) 3.83 (1.70) 4.20 (2.58) 3.37 (1.57) 6.65 (2.23) 4.39 (1.46) 6.43 (1.98) 5.98 (1.83) 8.28 (0.92) 5.86 (1.91) 1.98 (1.44) 7.18 (1.50) 1.85 (1.11) 5.34 (1.75) 1.67 (0.90) 6.54 (2.21) 6.84 (1.80) 5.75 (1.43) 6.95 (1.85) 3.38 (1.61) 7.26 (1.90) 7.75 (1.26) 3.98 (1.73) 7.00 (2.11) 6.42 (2.00) 2.05 (1.34) 5.88 (1.50) 7.63 (1.30) 7.73 (1.34) 8.20 (1.15) 7.29 (1.79) 8.03 (1.56) 3.95 (2.09) 2.22 (1.41) 7.56 (1.90) 2.86 (1.91) 2.38 (1.71) 4.05 (2.48)
4.20 (2.42) 2.97 (2.52) 4.59 (2.10) 6.15 (2.19) 3.72 (2.02) 5.24 (2.09) 3.52 (2.05) 6.14 (2.39) 3.62 (2.25) 5.74 (2.81) 4.00 (2.85) 6.05 (2.82) 3.74 (2.37) 6.08 (2.42) 3.93 (2.56) 4.87 (2.66) 6.67 (1.87) 5.83 (2.69) 3.41 (2.17) 5.12 (2.39) 6.07 (2.26) 5.86 (2.08) 6.03 (2.22) 4.70 (2.59) 5.83 (2.48) 4.41 (2.71) 5.70 (2.56) 4.12 (1.83) 6.68 (1.78) 6.02 (2.58) 6.44 (2.58) 4.09 (2.77) 5.56 (3.01) 4.24 (2.17) 5.93 (2.40) 5.85 (2.78) 4.82 (2.06) 5.74 (2.26) 6.18 (2.25)
5.34 (1.88) 8 4.56 (2.17) 8 4.76 (1.73) 6 5.05 (2.77) 27 4.12 (1.82) 14 5.69 (1.90) 3 4.71 (1.68) 48 4.78 (2.19) 114 4.71 (2.12) 125 6.15 (2.31) 62 5.31 (1.81) 88 3.10 (2.44) 10 5.74 (1.70) 5 4.92 (2.51) 1 4.91 (1.87) 4 3.21 (2.21) 20 7.28 (2.35) 342 7.19 (2.52) 63 4.62 (2.13) 21 5.83 (1.78) 377 3.45 (2.07) 185 6.90 (1.96) 29 5.50 (1.97) 107 4.47 (1.88) 2 7.06 (2.15) 42 4.88 (2.07) 16 4.20 (2.58) 42 5.66 (1.78) 12 5.85 (2.47) 28 6.76 (2.05) 120 6.79 (2.28) 26 5.80 (2.54) 31 6.74 (2.73) 50 4.78 (1.52) 4 3.50 (2.43) 21 5.51 (2.39) 2 4.35 (1.82) . 4.89 (2.09) . 4.52 (2.56) 14
quality 950 6.25 (1.59) quarrel 338 2.93 (2.06) quart 951 5.39 (2.01) queen 952 6.44 (1.43) quick 953 6.64 (1.61) quiet 339 5.58 (1.83) rabbit 527 6.57 (1.92) rabies 340 1.77 (0.97) radiant 954 6.73 (2.17) radiator 955 4.67 (1.05) radio 341 6.73 (1.47) rage 342 2.41 (1.86) rain 569 5.08 (2.51) rainbow 343 8.14 (1.23) rancid 956 4.34 (2.28) rape 344 1.25 (0.91) rat 345 3.02 (1.66) rattle 346 5.03 (1.23) razor 957 4.81 (2.16) red 570 6.41 (1.61) refreshment 347 7.44 (1.29) regretful 348 2.28 (1.42) rejected 349 1.50 (1.09) relaxed 350 7.00 (1.77) repentant 351 5.53 (1.86) reptile 958 4.77 (2.00) rescue 352 7.70 (1.24) resent 959 3.76 (1.90) reserved 353 4.88 (1.83) respect 354 7.64 (1.29) respectful 355 7.22 (1.27) restaurant 960 6.76 (1.85) reunion 961 6.48 (2.45) reverent 356 5.35 (1.21) revolt 357 4.13 (1.78) revolver 962 4.02 (2.44) reward 358 7.53 (1.67) riches 359 7.70 (1.95) ridicule 360 3.13 (2.24)
4.48 (2.12) 6.29 (2.56) 3.59 (2.51) 4.76 (2.18) 6.57 (1.78) 2.82 (2.13) 4.02 (2.19) 6.10 (2.62) 5.39 (2.82) 4.02 (1.94) 4.78 (2.82) 8.17 (1.40) 3.65 (2.35) 4.64 (2.88) 5.04 (2.27) 6.81 (3.17) 4.95 (2.36) 4.36 (2.18) 5.36 (2.44) 5.29 (2.04) 4.45 (2.70) 5.74 (2.32) 6.37 (2.56) 2.39 (2.13) 4.69 (1.98) 5.18 (2.19) 6.53 (2.56) 4.47 (2.12) 3.27 (2.05) 5.19 (2.39) 4.60 (2.67) 5.41 (2.55) 6.34 (2.35) 4.00 (1.60) 6.56 (2.34) 5.55 (2.39) 4.95 (2.62) 6.17 (2.70) 5.83 (2.73)
5.64 (1.59) 114 4.02 (2.16) 20 5.20 (1.86) 3 5.49 (2.12) 41 6.57 (1.91) 68 4.42 (2.30) 76 6.08 (1.72) 11 3.85 (2.34) 1 5.61 (2.17) 8 4.81 (1.38) 4 5.28 (1.85) 120 5.68 (3.01) 16 4.78 (1.68) 70 4.72 (2.37) 4 4.59 (1.86) . 2.97 (2.94) 5 4.55 (2.14) 6 4.17 (1.56) 5 4.91 (1.95) 15 5.78 (1.59) 197 5.00 (1.92) 2 3.43 (2.52) 1 2.72 (2.58) 33 5.55 (1.90) 14 5.42 (2.06) 1 4.77 (2.02) . 6.45 (2.29) 15 4.46 (2.09) 8 4.30 (1.93) 27 6.89 (2.11) 125 5.67 (2.38) 4 5.73 (1.41) 41 5.64 (1.95) 11 4.67 (1.68) 3 6.18 (2.11) 8 4.39 (2.47) 14 6.00 (2.14) 15 6.74 (2.43) 2 3.87 (2.70) 5
rifle 603 rigid 963 riot 361 river 362 roach 363 robber 964 rock 965 rollercoaster 528 romantic 364 rotten 365 rough 966 rude 366 runner 571 rusty 367 sad 368 safe 967 sailboat 529 saint 968 salad 369 salute 370 sapphire 371 satisfied 372 save 969 savior 373 scalding 970 scandal 971 scapegoat 972 scar 973 scared 604 scholar 374 scissors 974 scorching 975 scorn 375 scornful 376 scorpion 976 scream 605 scum 377 scurvy 378 seasick 379
4.02 (2.76) 3.66 (2.12) 2.96 (1.93) 6.85 (1.69) 2.35 (1.70) 2.61 (1.69) 5.56 (1.38) 8.02 (1.63) 8.32 (1.00) 2.26 (1.37) 4.74 (2.00) 2.50 (2.11) 5.67 (1.91) 3.86 (1.47) 1.61 (0.95) 7.07 (1.90) 7.25 (1.71) 6.49 (1.70) 5.74 (1.62) 5.92 (1.57) 7.00 (1.88) 7.94 (1.19) 6.45 (1.93) 7.73 (1.56) 2.82 (2.12) 3.32 (1.81) 3.67 (1.65) 3.38 (1.70) 2.78 (1.99) 7.26 (1.42) 5.05 (0.96) 3.76 (1.83) 2.84 (2.07) 3.02 (2.03) 3.69 (2.63) 3.88 (2.07) 2.43 (1.56) 3.19 (2.00) 2.05 (1.20)
6.35 (2.04) 4.66 (2.47) 6.39 (2.63) 4.51 (2.42) 6.64 (2.64) 5.62 (2.72) 4.52 (2.37) 8.06 (1.71) 7.59 (2.07) 4.53 (2.38) 5.33 (2.04) 6.31 (2.47) 4.76 (2.40) 3.77 (2.16) 4.13 (2.38) 3.86 (2.72) 4.88 (2.73) 4.49 (1.90) 3.81 (2.29) 5.31 (2.23) 5.00 (2.72) 4.94 (2.63) 4.95 (2.19) 5.80 (3.01) 5.95 (2.55) 5.12 (2.22) 4.53 (2.13) 4.79 (2.11) 6.82 (2.03) 5.12 (2.46) 4.47 (1.76) 5.00 (2.74) 5.48 (2.52) 5.04 (2.56) 5.38 (3.08) 7.04 (1.96) 4.88 (2.36) 4.71 (2.72) 5.80 (2.88)
4.16 (2.71) 63 4.61 (2.04) 24 4.18 (2.47) 7 5.10 (1.86) 165 4.82 (2.94) 2 3.62 (2.38) 2 5.15 (2.01) 75 5.10 (2.76) . 6.08 (2.29) 32 4.32 (2.09) 2 4.81 (1.70) 41 4.91 (2.49) 6 5.47 (1.84) 1 4.53 (1.62) 8 3.45 (2.18) 35 5.81 (2.06) 58 5.86 (1.71) 1 5.37 (2.11) 16 5.47 (1.68) 9 5.46 (2.05) 3 5.55 (2.24) . 6.14 (2.37) 36 6.00 (1.79) 62 6.64 (2.18) 6 3.82 (2.30) 1 4.34 (1.73) 8 3.52 (1.70) 1 3.88 (1.71) 10 2.94 (2.19) 21 6.59 (2.02) 15 5.16 (1.84) 1 4.10 (2.01) . 3.93 (2.64) 4 4.59 (2.18) 5 3.98 (2.44) . 4.75 (2.21) 13 4.26 (1.99) . 4.48 (2.48) 1 3.41 (2.39) .
seat 380 4.95 (0.98) secure 381 7.57 (1.76) selfish 382 2.42 (1.62) sentiment 977 5.98 (1.71) serious 383 5.08 (1.59) severe 978 3.20 (1.74) sex 384 8.05 (1.53) sexy 530 8.02 (1.12) shadow 385 4.35 (1.23) shamed 386 2.50 (1.34) shark 606 3.65 (2.47) sheltered 387 5.75 (1.92) ship 388 5.55 (1.40) shotgun 979 4.37 (2.75) shriek 980 3.93 (2.22) shy 389 4.64 (1.83) sick 607 1.90 (1.14) sickness 390 2.25 (1.71) silk 391 6.90 (1.27) silly 981 7.41 (1.80) sin 392 2.80 (1.67) sinful 393 2.93 (2.15) sissy 394 3.14 (1.96) skeptical 395 4.52 (1.63) skijump 531 7.06 (1.73) skull 608 4.27 (1.83) sky 572 7.37 (1.40) skyscraper 573 5.88 (1.87) slap 396 2.95 (1.79) slaughter 397 1.64 (1.18) slave 398 1.84 (1.13) sleep 399 7.20 (1.77) slime 400 2.68 (1.66) slow 982 3.93 (1.60) slum 401 2.39 (1.25) slush 983 4.66 (1.88) smallpox 402 2.52 (2.08) smooth 984 6.58 (1.78) snake 609 3.31 (2.20)
2.95 (1.72) 3.14 (2.47) 5.50 (2.62) 4.41 (2.30) 4.00 (1.87) 5.26 (2.36) 7.36 (1.91) 7.36 (1.91) 4.30 (2.26) 4.88 (2.27) 7.16 (1.96) 4.28 (1.77) 4.38 (2.29) 6.27 (1.94) 5.36 (2.91) 3.77 (2.29) 4.29 (2.45) 5.61 (2.67) 3.71 (2.51) 5.88 (2.38) 5.78 (2.21) 6.29 (2.43) 5.17 (2.57) 4.91 (1.92) 7.06 (2.10) 4.75 (1.85) 4.27 (2.17) 5.71 (2.17) 6.46 (2.58) 6.77 (2.42) 6.21 (2.93) 2.80 (2.66) 5.36 (2.63) 3.39 (2.22) 4.78 (2.52) 3.73 (2.23) 5.58 (2.13) 4.91 (2.57) 6.82 (2.10)
4.84 (1.88) 54 5.93 (2.57) 30 4.64 (2.31) 8 5.09 (1.46) 23 5.12 (1.65) 116 3.83 (1.91) 39 5.75 (2.25) 84 6.82 (2.13) 2 4.19 (1.82) 36 2.98 (1.94) 1 2.63 (2.16) . 3.76 (1.91) 4 5.12 (2.31) 83 5.29 (2.67) 8 4.30 (1.86) 5 3.44 (1.96) 13 3.04 (1.65) 51 3.84 (2.50) 6 4.81 (1.93) 12 6.00 (2.09) 15 3.62 (2.29) 53 4.24 (2.73) 3 3.58 (2.74) . 4.50 (1.61) 7 4.90 (2.32) . 4.86 (1.62) 3 5.16 (2.00) 58 4.33 (2.36) 2 4.21 (2.29) 2 3.82 (2.75) 10 3.29 (2.76) 30 5.41 (2.41) 65 4.17 (1.82) 1 4.35 (1.61) 60 3.83 (2.18) 8 4.91 (1.48) . 4.29 (2.17) 2 5.09 (2.09) 42 3.78 (2.05) 44
snob 403 snow 575 snuggle 404 social 985 soft 986 solemn 405 song 987 soothe 988 sour 989 space 574 spanking 990 sphere 991 spider 610 spirit 406 spouse 407 spray 992 spring 993 square 408 stagnant 994 star 409 startled 410 starving 611 statue 995 stench 996 stiff 997 stink 411 stomach 998 stool 999 storm 1000 stove 1001 street 412 stress 413 strong 414 stupid 415 subdued 416 success 417 suffocate 418 sugar 1002 suicide 419
3.36 (1.81) 7.08 (1.83) 7.92 (1.24) 6.88 (1.82) 7.12 (1.34) 4.32 (1.51) 7.10 (1.97) 7.30 (1.85) 3.93 (1.98) 6.78 (1.66) 3.55 (2.54) 5.33 (0.87) 3.33 (1.72) 7.00 (1.32) 7.58 (1.48) 5.45 (1.63) 7.76 (1.51) 4.74 (1.02) 4.15 (1.57) 7.27 (1.66) 4.50 (1.67) 2.39 (1.82) 5.17 (0.70) 2.19 (1.37) 4.68 (1.97) 3.00 (1.79) 4.82 (2.06) 4.56 (1.72) 4.95 (2.22) 4.98 (1.69) 5.22 (0.72) 2.09 (1.41) 7.11 (1.48) 2.31 (1.37) 4.67 (1.31) 8.29 (0.93) 1.56 (0.96) 6.74 (1.73) 1.25 (0.69)
5.65 (2.36) 5.75 (2.47) 4.16 (2.80) 4.98 (2.59) 4.63 (2.61) 3.56 (1.95) 6.07 (2.42) 4.40 (3.08) 5.10 (1.95) 5.14 (2.54) 5.41 (2.73) 3.88 (1.99) 5.71 (2.21) 5.56 (2.62) 5.21 (2.75) 4.14 (2.28) 5.67 (2.51) 3.18 (1.76) 3.93 (1.94) 5.83 (2.44) 6.93 (2.24) 5.61 (2.53) 3.46 (1.72) 4.36 (2.46) 4.02 (2.41) 4.26 (2.10) 3.93 (2.49) 4.00 (2.14) 5.71 (2.34) 4.51 (2.14) 3.39 (1.87) 7.45 (2.38) 5.92 (2.28) 4.72 (2.71) 2.90 (1.81) 6.11 (2.65) 6.03 (3.19) 5.64 (2.18) 5.73 (3.14)
5.11 (2.25) 1 5.80 (1.97) 59 5.66 (2.47) 4 5.91 (2.07) 380 6.00 (1.80) 61 4.61 (1.87) 12 5.85 (2.12) 70 5.36 (2.24) 2 4.64 (1.50) 3 5.20 (2.44) 184 3.91 (2.51) . 5.00 (0.92) 22 4.75 (2.11) 2 5.82 (2.42) 182 5.53 (1.97) 3 5.12 (1.43) 16 6.26 (1.98) 127 4.51 (1.45) 143 4.71 (1.36) 5 4.68 (2.15) 25 4.48 (1.57) 21 3.63 (2.10) 6 4.95 (1.40) 17 4.29 (1.91) 1 4.93 (2.04) 21 4.16 (1.98) 3 4.68 (1.85) 37 4.98 (1.85) 8 4.54 (2.04) 26 5.36 (1.87) 15 4.81 (1.21) 244 3.93 (2.75) 107 6.92 (2.43) 202 2.98 (2.18) 24 4.08 (1.56) 8 6.89 (2.40) 93 3.44 (2.81) 1 5.50 (1.50) 34 3.58 (3.02) 17
sun 532 7.55 (1.85) sunlight 1003 7.76 (1.43) sunrise 420 7.86 (1.35) sunset 421 7.68 (1.72) surgery 612 2.86 (2.19) surprised 422 7.47 (1.56) suspicious 423 3.76 (1.42) swamp 1004 5.14 (2.24) sweetheart 424 8.42 (0.83) swift 1005 6.46 (1.76) swimmer 576 6.54 (1.64) syphilis 425 1.68 (1.23) table 426 5.22 (0.72) talent 427 7.56 (1.25) tamper 1006 4.10 (1.88) tank 613 5.16 (1.87) taste 1007 6.66 (1.57) taxi 1008 5.00 (1.96) teacher 1009 5.68 (2.12) tease 1010 4.84 (2.51) tender 1011 6.93 (1.28) tennis 540 6.02 (1.97) tense 428 3.56 (1.36) termite 429 3.58 (2.08) terrible 430 1.93 (1.44) terrific 431 8.16 (1.12) terrified 432 1.72 (1.14) terrorist 614 1.69 (1.42) thankful 433 6.89 (2.29) theory 434 5.30 (1.49) thermometer 1012 4.73 (1.05) thief 435 2.13 (1.69) thorn 436 3.64 (1.76) thought 1013 6.39 (1.58) thoughtful 437 7.65 (1.03) thrill 438 8.05 (1.48) tidy 1014 6.30 (1.56) time 439 5.31 (2.02) timid 440 3.86 (1.55)
5.04 (2.66) 6.10 (2.30) 5.06 (3.05) 4.20 (2.99) 6.35 (2.32) 7.47 (2.09) 6.25 (1.59) 4.86 (2.36) 5.50 (2.73) 5.39 (2.53) 4.82 (2.49) 5.69 (3.25) 2.92 (2.16) 6.27 (1.80) 4.95 (2.01) 4.88 (1.86) 5.22 (2.38) 3.41 (2.14) 4.05 (2.61) 5.87 (2.56) 4.88 (2.30) 4.61 (2.60) 6.53 (2.10) 5.39 (2.43) 6.27 (2.44) 6.23 (2.73) 7.86 (2.27) 7.27 (2.38) 4.34 (2.31) 4.62 (1.94) 3.79 (2.02) 6.89 (2.13) 5.14 (2.14) 4.83 (2.46) 5.72 (2.30) 8.02 (1.65) 3.98 (2.22) 4.64 (2.75) 4.11 (2.09)
6.16 (2.09) 112 5.63 (2.15) 17 5.29 (2.41) 10 5.66 (2.08) 14 2.75 (1.86) 6 6.11 (2.19) 58 4.47 (1.99) 13 5.29 (1.63) 5 6.03 (2.24) 9 6.29 (1.85) 32 5.96 (1.91) . 3.33 (2.67) . 4.47 (1.66) 198 6.49 (1.75) 40 4.58 (2.10) 1 4.78 (1.93) 12 5.50 (1.65) 59 4.64 (1.83) 16 5.11 (2.20) 80 4.67 (2.37) 6 5.33 (1.75) 11 5.61 (2.12) 15 5.22 (2.02) 15 3.87 (1.87) . 3.58 (2.34) 45 6.60 (2.15) 5 3.08 (2.75) 7 2.65 (2.30) . 5.32 (2.00) 6 4.88 (1.81) 129 4.39 (1.51) . 3.79 (2.55) 8 4.45 (1.50) 3 6.02 (1.70) 515 5.61 (2.11) 11 6.54 (2.30) 5 5.49 (1.93) 1 4.63 (2.24) 1599 3.09 (1.91) 5
tobacco 441 tomb 442 tool 1015 toothache 443 tornado 444 torture 445 tower 1016 toxic 446 toy 1017 tragedy 447 traitor 448 trash 615 trauma 616 travel 1018 treasure 449 treat 1019 tree 450 triumph 451 triumphant 452 trophy 453 trouble 454 troubled 455 truck 577 trumpet 456 trunk 1020 trust 457 truth 458 tumor 459 tune 1021 twilight 1022 ugly 460 ulcer 461 umbrella 578 unfaithful 462 unhappy 463 unit 1023 untroubled 464 upset 465 urine 617
3.28 (2.16) 2.94 (1.88) 5.19 (1.27) 1.98 (1.15) 2.55 (1.78) 1.56 (0.79) 5.46 (1.75) 2.10 (1.48) 7.00 (2.01) 1.78 (1.31) 2.22 (1.69) 2.67 (1.45) 2.10 (1.49) 7.10 (2.00) 8.27 (0.90) 7.36 (1.38) 6.32 (1.56) 7.80 (1.83) 8.82 (0.73) 7.78 (1.22) 3.03 (2.09) 2.17 (1.21) 5.47 (1.88) 5.75 (1.38) 5.09 (1.57) 6.68 (2.71) 7.80 (1.29) 2.36 (2.04) 6.93 (1.47) 7.23 (1.80) 2.43 (1.27) 1.78 (1.17) 5.16 (1.57) 2.05 (1.55) 1.57 (0.96) 5.59 (1.87) 7.62 (1.41) 2.00 (1.18) 3.25 (1.71)
4.83 (2.90) 4.73 (2.72) 4.33 (1.78) 5.55 (2.51) 6.83 (2.49) 6.10 (2.77) 3.95 (2.28) 6.40 (2.41) 5.11 (2.84) 6.24 (2.64) 5.78 (2.47) 4.16 (2.16) 6.33 (2.45) 6.21 (2.51) 6.75 (2.30) 5.62 (2.25) 3.42 (2.21) 5.78 (2.60) 6.78 (2.58) 5.39 (2.44) 6.85 (2.03) 5.94 (2.36) 4.84 (2.17) 4.97 (2.13) 4.18 (2.19) 5.30 (2.66) 5.00 (2.77) 6.51 (2.85) 4.71 (2.09) 4.70 (2.41) 5.38 (2.23) 6.12 (2.68) 3.68 (1.99) 6.20 (2.70) 4.18 (2.50) 3.75 (2.49) 3.89 (2.54) 5.86 (2.40) 4.20 (2.18)
4.08 (2.27) 19 3.72 (2.05) 11 5.67 (1.62) 40 3.90 (1.85) . 4.30 (2.42) 1 3.33 (2.37) 3 5.78 (2.14) 13 4.42 (2.51) 3 6.09 (1.84) 4 3.50 (2.34) 49 4.61 (2.71) 2 5.24 (1.85) 2 2.84 (1.87) 1 6.31 (2.08) 61 6.36 (2.42) 4 5.78 (1.82) 26 5.08 (2.29) 59 6.98 (2.20) 22 6.95 (2.55) 5 6.44 (2.32) 8 4.85 (2.39) 134 3.91 (2.33) 31 5.33 (1.83) 57 4.57 (1.72) 7 5.14 (1.90) 8 6.61 (2.04) 52 6.47 (2.11) 126 3.58 (2.42) 17 5.74 (1.82) 10 5.59 (1.82) 4 4.26 (2.33) 21 4.17 (2.22) 5 5.42 (1.91) 8 3.02 (2.54) 1 3.34 (2.35) 26 5.11 (1.74) 103 5.53 (2.54) . 4.08 (2.31) 14 5.24 (1.86) 1
useful 466 7.14 (1.60) useless 467 2.13 (1.42) utensil 1024 5.14 (1.39) vacation 468 8.16 (1.36) vagina 1025 6.14 (1.77) valentine 469 8.11 (1.35) vampire 470 4.26 (1.86) vandal 471 2.71 (1.91) vanity 472 4.30 (1.91) vehicle 473 6.27 (2.34) venom 474 2.68 (1.81) vest 1026 5.25 (1.33) victim 618 2.18 (1.48) victory 475 8.32 (1.16) vigorous 476 6.79 (1.54) village 477 5.92 (1.34) violent 478 2.29 (1.78) violin 579 5.43 (1.98) virgin 1027 6.45 (1.76) virtue 479 6.22 (2.06) vision 480 6.62 (1.84) volcano 619 4.84 (2.14) vomit 481 2.06 (1.57) voyage 1028 6.25 (1.91) wagon 1029 5.37 (0.97) war 482 2.08 (1.91) warmth 483 7.41 (1.81) wasp 484 3.37 (1.63) waste 485 2.93 (1.76) watch 580 5.78 (1.51) water 486 6.61 (1.78) waterfall 487 7.88 (1.03) wealthy 488 7.70 (1.34) weapon 489 3.97 (1.92) weary 490 3.79 (2.12) wedding 491 7.82 (1.56) whistle 1030 5.81 (1.21) white 542 6.47 (1.59) whore 492 2.30 (2.11)
4.26 (2.47) 4.87 (2.58) 3.57 (1.98) 5.64 (2.99) 5.55 (2.55) 6.06 (2.91) 6.37 (2.35) 6.40 (1.88) 4.98 (2.31) 4.63 (2.81) 6.08 (2.44) 3.95 (2.09) 6.06 (2.32) 6.63 (2.84) 5.90 (2.66) 4.08 (1.87) 6.89 (2.47) 3.49 (2.26) 5.51 (2.06) 4.52 (2.52) 4.66 (2.43) 6.33 (2.21) 5.75 (2.84) 5.55 (2.23) 3.98 (2.04) 7.49 (2.16) 3.73 (2.40) 5.50 (2.17) 4.14 (2.30) 4.10 (2.12) 4.97 (2.49) 5.37 (2.84) 5.80 (2.73) 6.03 (1.89) 3.81 (2.29) 5.97 (2.85) 4.69 (1.99) 4.37 (2.14) 5.85 (2.93)
5.93 (2.10) 58 3.92 (2.62) 17 5.40 (1.47) . 6.80 (2.08) 47 5.88 (1.74) 10 5.81 (2.45) 2 5.05 (2.27) 1 3.91 (2.49) 1 4.80 (2.03) 7 5.77 (2.61) 35 3.94 (2.23) 2 5.09 (1.24) 4 2.69 (2.04) 27 7.26 (2.14) 61 5.41 (2.22) 29 4.94 (1.74) 72 5.16 (2.86) 33 5.18 (2.01) 11 6.24 (2.48) 35 6.13 (2.09) 30 6.02 (1.96) 56 3.25 (1.97) 2 3.58 (2.45) 3 5.18 (1.98) 17 5.05 (1.20) 55 4.50 (3.00) 464 5.61 (1.67) 28 3.76 (1.82) 2 4.72 (1.94) 35 5.37 (1.75) 81 5.08 (1.99) 442 5.20 (2.18) 2 6.77 (2.57) 12 5.19 (2.61) 42 4.00 (1.91) 17 6.68 (2.08) 32 5.27 (1.87) 4 5.98 (1.73) 365 4.61 (2.73) 2
wicked 493 wife 1031 win 494 windmill 1032 window 495 wine 496 wink 1033 wise 497 wish 1034 wit 1035 woman 498 wonder 499
2.96 (2.37) 6.33 (1.97) 8.38 (0.92) 5.60 (1.65) 5.91 (1.38) 5.95 (2.19) 6.93 (1.83) 7.52 (1.23) 7.09 (2.00) 7.32 (1.90) 6.64 (1.76) 6.03 (1.58)
6.09 (2.44) 4.93 (2.22) 7.72 (2.16) 3.74 (2.13) 3.97 (2.01) 4.78 (2.34) 5.44 (2.68) 3.91 (2.64) 5.16 (2.62) 5.42 (2.44) 5.32 (2.59) 5.00 (2.23)
4.36 (2.65) 9 5.57 (1.68) 228 7.39 (2.36) 55 5.24 (1.04) 1 4.91 (1.60) 119 5.31 (2.15) 72 5.70 (1.77) 7 6.70 (2.39) 36 5.28 (2.09) 110 6.38 (2.01) 20 6.33 (1.52) 224 5.32 (2.17) 67
world 500 wounds 620 writer 1036 yacht 1037 yellow 545 young 1038 youth 1039 zest 1040 
6.50 (2.03) 2.51 (1.58) 5.52 (1.90) 6.95 (1.79) 5.61 (1.94) 6.89 (2.12) 6.75 (2.29) 6.79 (2.04)
5.32 (2.39) 5.82 (2.01) 4.33 (2.45) 5.61 (2.72) 4.43 (2.05) 5.64 (2.51) 5.67 (2.52) 5.59 (2.66)
5.26 (2.47) 787 3.92 (1.57) 8 4.73 (1.84) 73 6.10 (2.13) 4 5.47 (1.58) 55 5.30 (2.49) 385 5.11 (2.55) 82 6.00 (1.99) 5
